Вывести динамику количества поездок помесячно.

presto:default> select 
             ->   year(cast(trip_start_timestamp as timestamp)) as year, 
             ->   month(cast(trip_start_timestamp as timestamp)) as month, 
             ->   count(*) as trip_total 
             -> from chicago_taxi_trips_parquet 
             -> group by 1, 2
             -> order by 1, 2;
    year  |   month   | trip_total 
----------+-----------+------------
     2013 |         1 |     215935 
     2013 |         2 |     132409 
     2013 |         3 |      87160 
     2013 |         4 |     356653 
     2013 |         5 |     127890 
     2013 |         6 |     118216 
     2013 |         7 |      55782 
     2013 |         8 |      19816 
     2013 |         9 |      11780 
     2013 |        10 |      12005 
     2013 |        11 |       6120 
     2013 |        12 |      30358 
     2014 |         1 |     418870 
     2014 |         2 |     380450 
     2014 |         3 |     181850 
     2014 |         4 |      76651 
     2014 |         5 |      77415 
     2014 |         6 |      79741 
     2014 |         7 |     311233 
     2014 |         8 |     440997 
     2014 |         9 |     434875 
     2014 |        10 |     708129 
     2014 |        11 |     673618 
     2014 |        12 |     678707 
     2015 |         1 |     350553 
     2015 |         2 |     358134 
     2015 |         3 |     399913 
     2015 |         4 |     210063 
     2015 |         5 |     662593 
     2015 |         6 |     212830 
     2015 |         7 |     103778 
     2015 |         8 |     122721 
     2015 |         9 |      66106 
     2015 |        10 |        869 
     2015 |        11 |     150001 
     2015 |        12 |     248912 
     2016 |         1 |     138434 
     2016 |         2 |     480477 
     2016 |         3 |     567685 
     2016 |         4 |     651726 
     2016 |         5 |     360785 
     2016 |         6 |     122605 
     2016 |         7 |     529379 
     2016 |         8 |     371470 
     2016 |         9 |      71914 
     2016 |        10 |       8994 
     2016 |        11 |      11239 
     2016 |        12 |       2056 
     2017 |         1 |     613504 
     2017 |         2 |      35399 
     2017 |         3 |       5158 
     2017 |         4 |     279430 
     2017 |         5 |     320573 
     2017 |         6 |     256587 
     2017 |         7 |      59721 
     2017 |         8 |      17052 
     2017 |         9 |     209324 
     2017 |        10 |     572579 
     2017 |        11 |     849572 
     2017 |        12 |     713139 
     2018 |         1 |     411778 
     2018 |         2 |     242562 
     2018 |         3 |       9954 
     2018 |         4 |       5118 
     2018 |         5 |       2779 
     2018 |         6 |     601891 
     2018 |         7 |     131516 
     2018 |         8 |     288211 
     2018 |         9 |     268466 
     2018 |        10 |     266613 
     2018 |        11 |     119173 
     2018 |        12 |     133021 
     2019 |         1 |     115544 
     2019 |         2 |     435101 
     2019 |         3 |      16346 
     2019 |         4 |     239267 
     2019 |         5 |     845748 
     2019 |         6 |    1430430 
     2019 |         7 |      89140 
     2019 |         8 |     217336 
     2019 |         9 |          6 
(81 rows)



